> 255.255.255.255.2000: UDP, length 4
	0x002c:  aaaa 0000
.2000 > .3000: UDP, length 388
	0x002c:  0000 0000
	0x0030:  0000 0000 0000 0000 0000 0000 0000 0000
	0x0040:  0000 0000 0000 0000 0000 0000 0000 0000
	0x0050:  0000 0000 0000 0000 0000 0000 0102 0100
	0x0060:  0100 0001 0000 0000 0000 0000 0000 0000
	0x0070:  0000 0000 0000 0000 0000 ec71 dbec 7c55
	0x0080:  0000 0000 0000 0000 0000 0000 0000 0000
	0x0090:  0000 aaaa 0000 3139 322e 3136 382e 332e
	0x00a0:  3136 3600 0000 0000 0000 2823 0000 4361
	0x00b0:  6d65 7261 3100 0000 0000 0000 0000 0000
	0x00c0:  0000 0000 0000 0000 0000 0000 0000 4543
	0x00d0:  3a37 313a 4442 3a45 433a 3743 3a35 3500
	0x00e0:  0000 0000 0000 0000 0000 0000 0000 0000
	0x00f0:  0000 0000 0000 0000 0000 0000 0000 0000
	0x0100:  0000 0000 0000 0000 0000 0000 0000 3935
	0x0110:  3237 3030 5a30 3035 4b38 3131 5547 0000
	0x0120:  0000 0000 0000 0000 0000 0000 0000 0000
	0x0130:  0000 0000 0000 0000 0000 0000 0000 0000
	0x0140:  0000 0000 0000 0000 0000 0000 0000 0000
	0x0150:  0000 0000 0000 0000 0000 0000 0000 0000
	0x0160:  0000 0000 0000 0000 0000 0000 0000 0000
	0x0170:  0000 0000 0000 0000 0000 0000 0000 0000
	0x0180:  0000 0000 0000 0000 0000 0000 0000 0000
	0x0190:  0000 0000 0000 0000 0000 0000 0000 0000
	0x01a0:  0000 0000 0000 0000 0000 0000 0000
.2000 > .3000: UDP, length 388
	0x002c:  0000 0000
	0x0030:  0000 0000 0000 0000 0000 0000 0000 0000
	0x0040:  0000 0000 0000 0000 0000 0000 0000 0000
	0x0050:  0000 0000 0000 0000 0000 0000 0102 0100
	0x0060:  0100 0001 0000 0000 0000 0000 0000 0000
	0x0070:  0000 0000 0000 0000 0000 ec71 db99 5d02
	0x0080:  0000 0000 0000 0000 0000 0000 0000 0000
	0x0090:  0000 aaaa 0000 3139 322e 3136 382e 332e
	0x00a0:  3934 0000 0000 0000 0000 2823 0000 4672
	0x00b0:  6f6e 7420 506f 7263 6800 0000 0000 0000
	0x00c0:  0000 0000 0000 0000 0000 0000 0000 4543
	0x00d0:  3a37 313a 4442 3a39 393a 3544 3a30 3200
	0x00e0:  0000 0000 0000 0000 0000 0000 0000 0000
	0x00f0:  0000 0000 0000 0000 0000 0000 0000 0000
	0x0100:  0000 0000 0000 0000 0000 0000 0000 3935
	0x0110:  3237 3030 3032 3554 5a31 4d49 384a 0000
	0x0120:  0000 0000 0000 0000 0000 0000 0000 0000
	0x0130:  0000 0000 0000 0000 0000 0000 0000 0000
	0x0140:  0000 0000 0000 0000 0000 0000 0000 0000
	0x0150:  0000 0000 0000 0000 0000 0000 0000 0000
	0x0160:  0000 0000 0000 0000 0000 0000 0000 0000
	0x0170:  0000 0000 0000 0000 0000 0000 0000 0000
	0x0180:  0000 0000 0000 0000 0000 0000 0000 0000
	0x0190:  0000 0000 0000 0000 0000 0000 0000 0000
	0x01a0:  0000 0000 0000 0000 0000 0000 0000
.2000 > .3000: UDP, length 388
	0x002c:  0000 0000
	0x0030:  0000 0000 0000 0000 0000 0000 0000 0000
	0x0040:  0000 0000 0000 0000 0000 0000 0000 0000
	0x0050:  0000 0000 0000 0000 0000 0000 0102 0100
	0x0060:  0100 0001 0000 0000 0000 0000 0000 0000
	0x0070:  0000 0000 0000 0000 0000 ec71 dbfb 9232
	0x0080:  0000 0000 0000 0000 0000 0000 0000 0000
	0x0090:  0000 aaaa 0000 3139 322e 3136 382e 332e
	0x00a0:  3136 3800 0000 0000 0000 2823 0000 4472
	0x00b0:  6976 6577 6179 0000 0000 0000 0000 0000
	0x00c0:  0000 0000 0000 0000 0000 0000 0000 4543
	0x00d0:  3a37 313a 4442 3a46 423a 3932 3a33 3200
	0x00e0:  0000 0000 0000 0000 0000 0000 0000 0000
	0x00f0:  0000 0000 0000 0000 0000 0000 0000 0000
	0x0100:  0000 0000 0000 0000 0000 0000 0000 3935
	0x0110:  3237 3030 5a30 3039 5052 4d33 4f38 0000
	0x0120:  0000 0000 0000 0000 0000 0000 0000 0000
	0x0130:  0000 0000 0000 0000 0000 0000 0000 0000
	0x0140:  0000 0000 0000 0000 0000 0000 0000 0000
	0x0150:  0000 0000 0000 0000 0000 0000 0000 0000
	0x0160:  0000 0000 0000 0000 0000 0000 0000 0000
	0x0170:  0000 0000 0000 0000 0000 0000 0000 0000
	0x0180:  0000 0000 0000 0000 0000 0000 0000 0000
	0x0190:  0000 0000 0000 0000 0000 0000 0000 0000
	0x01a0:  0000 0000 0000 0000 0000 0000 0000
